   1       "sh-m+I"   23   82.012695  64.047440  47.945671
   2           "sp" 1557  13784.331055
   3       "m-aI+k"   13   24.940437  54.121662  44.834110
   4         "sh+m"   23   92.102013 157.264267  71.199646
   5        "a-x+t"  122  360.902405 819.303711 399.119110
   6        "n-u+l"  116  1079.502075 1012.578613 1032.193115
   7         "m+aI"   13   37.183826  42.170059  28.028095
   8       "ts-v+o"  130  299.305084 165.876907 141.730103
   9       "aI-b+@"   29   41.170429  35.398109 123.545670
  10       "k-l+aI"   27   55.697350  36.405445  57.482353
  11       "aI-k+I"   13   59.275700  33.801006  68.875504
  12       "aI-n+r"   27   59.468151  30.416992  35.296299
  13       "aI-n+s"  119  565.153137 215.586304 170.607681
  14          "@-k"   29   52.475971  66.086037 200.249710
  15          "@-n"  127  626.190796 658.167053 449.134674
  16         "ts+v"  130  1388.640747 1141.016968 2100.246826
  17         "n+OY"  119  133.438324 201.206345 576.020264
  18          "I-r"  102  785.529053 283.897552 228.714218
  19          "I-t"   23  183.853653 100.363068  79.526184
  20        "m-I+t"   23   34.309860  28.503891  40.498009
  21        "t-o+m"    8  139.973587  88.704811  45.288406
  22        "z-I+b"  127  301.916840 535.955933 208.456512
  23       "d-r+aI"  119  138.303360 139.913864 196.928741
  24        "sh+aI"   29  144.355850 236.267242 107.787193
  25          "a+x"  122  633.531067 804.256042 426.508728
  26          "a-s"   13   46.574394 142.548645  52.437763
  27          "d+r"  119  623.828979 259.450562 148.200348
  28          "f+I"  102  1228.566650 198.604980 184.514374
  29          "f+l"   11  108.434212  31.216177  29.228533
  30          "f+y"  119  1428.886719 1033.788574 314.957489
  31          "f-@"  106  1137.408081 367.535156 378.885498
  32        "m-e+r"   27   62.478096  31.090612  36.397713
  33        "I-b+@"  127  209.521729 212.535522 467.100983
  34      "sh-aI+b"   29   89.670372 120.125519 106.784218
  35          "k+l"   27   90.622208  70.483437  89.479469
  36          "k-I"   13   41.946663 107.382317  43.444553
  37          "k-s"  133  271.307526 1197.015015 594.816589
  38          "l+u"   13   18.666622  23.415691  47.610531
  39          "l-@"   94  153.405502 261.250214 371.248383
  40          "l-o"   11  161.395752  50.081394  45.235886
  41        "z-e+k"  133  396.989746 596.949402 405.523407
  42          "m+e"   27   69.582489 131.105042 269.543213
  43          "n+u"  116  135.697678 190.502441 560.795898
  44          "n-f"  119  180.165833 165.108582 144.629181
  45          "n-r"   27  252.181610  96.268936  75.197975
  46          "n-s"  119  379.744598 1431.454590 526.802856
  47          "o-m"    8    8.354333   8.932125  10.010042
  48        "f-I+r"  102  229.655502 759.413452 707.566956
  49          "r+U"  106  152.900574 184.170990 406.431274
  50          "r-k"   27   40.598991  64.293610 199.567810
  51          "t+o"    8   10.142152  10.749583  63.746162
  52          "sil"  400  6908.667480 13784.331055 1565.257935
  53          "u-l"  116  251.442535 227.414871 560.898499
  54          "v+e"   94  149.181656 225.238266 176.565384
  55          "v-o"  130  167.447632 303.479950 1403.877075
  56       "n-OY+n"  119  1869.321045 1082.511230 407.396515
  57          "x-t"  122  1014.023926 547.656677 1262.337158
  58          "z+I"  127  604.089661 1046.352783 447.494751
  59          "z+e"  133  559.309814 919.773621 457.095703
  60       "l-aI+n"   27  124.280899 133.851410 114.238350
  61        "f-l+o"   11   20.567535  15.282422  23.614372
  62        "f-y+n"  119  808.416626 438.831207 1176.457886
  63        "b-@+k"   29  223.801590  67.884689  33.000507
  64        "b-@+n"  127  212.576004 163.410934 357.295685
  65        "v-e+l"   94  232.036636 735.027649 234.774597
  66        "U-f+@"  106  443.345734 198.913620 247.247635
  67         "OY-n"  119  595.093872 422.744781 435.880280
  68        "y-n+f"  119  252.987625 179.613312 699.408691
  69        "l-u+k"   13   69.178047  35.393368  22.590832
  70         "r-aI"  119  677.178711 762.237549 1627.233154
  71        "r-U+f"  106  442.182739 748.909119 368.281738
  72         "aI+n"  119  849.244446 747.730713 817.304932
  73        "e-k+s"  133  596.262634 342.137756 247.898560
  74        "e-l+@"   94  545.042175 771.680481 207.640015
  75        "e-r+k"   27   36.084492  35.533203  31.748131
  76        "u-k+a"   13   41.163094  54.966232  46.871040
  77        "k-a+s"   13   37.156235  83.944725  30.094021
